eval_loss = 2.7276883384455806
f1_score = 0.4762773722627737
precision = 0.5570971184631803
recall = 0.4159362549800797
